45 63 81
63 45 58
1 0 52
2 1 52
3 2 57
82 3 57
57 2 52
30 81 62
78 45 55
34 65 64
65 34 35
67 78 54
78 67 43
56 54 55
54 56 74
64 65 53
31 30 62
67 68 43
68 67 38
32 31 61
52 0 33
52 64 53
64 52 33
33 0 34
33 34 64
62 77 60
77 62 76
62 60 61
35 36 65
79 59 58
59 79 68
36 37 66
37 36 39
37 39 38
69 38 39
38 69 68
37 38 67
68 79 43
71 60 70
60 71 61
39 40 69
75 68 69
68 75 59
40 41 70
42 32 61
41 42 71
31 62 61
45 44 58
57 74 73
74 57 104
66 37 67
52 53 57
65 72 53
72 65 66
54 78 55
74 56 73
66 67 54
55 45 80
56 55 80
57 53 104
54 74 72
82 57 80
58 44 79
40 70 69
58 59 63
105 75 77
75 105 59
61 71 42
62 81 76
63 59 105
105 76 63
76 105 77
65 36 66
66 54 72
75 70 60
70 75 69
70 41 71
53 72 104
57 73 80
73 56 80
72 74 104
75 60 77
63 76 81
