60 62 119
62 60 117
3 113 57
113 3 2
1 0 52
2 1 52
43 37 38
37 43 67
116 119 77
119 116 60
80 55 45
55 80 110
72 65 66
65 72 107
2 52 113
65 34 35
34 65 64
64 52 33
52 64 106
64 65 53
30 29 61
31 30 61
52 0 33
32 31 61
69 38 39
38 69 68
58 45 79
45 58 81
33 34 64
35 39 36
39 35 40
36 38 37
38 36 39
35 36 65
68 59 114
59 68 115
36 37 66
68 79 43
79 68 114
71 60 70
60 71 117
68 69 115
83 118 29
118 83 62
39 40 70
40 41 70
42 61 71
61 42 32
41 42 71
43 38 68
44 45 55
104 112 53
112 104 74
3 57 80
52 106 113
66 37 67
66 67 108
56 108 54
108 56 111
67 43 78
67 78 109
55 109 78
109 55 110
44 55 78
56 54 109
53 57 106
57 53 112
74 108 111
108 74 72
70 41 71
114 59 63
39 70 69
63 115 120
115 63 59
61 117 71
117 61 118
61 29 118
62 83 81
81 58 121
105 120 115
120 105 76
121 58 114
64 53 106
53 65 107
65 36 66
108 67 54
54 67 109
79 114 58
69 116 75
116 69 70
70 60 116
72 66 108
107 72 104
57 112 80
111 56 80
72 74 104
73 74 111
74 73 112
75 115 69
115 75 105
63 120 81
76 119 81
119 76 77
62 81 119
77 76 105
116 77 105
80 56 110
73 80 112
80 73 111
63 81 121
76 81 120
104 53 107
105 75 116
106 57 113
56 109 110
114 63 121
62 117 118
