92 17 93
17 92 18
94 15 14
15 94 93
84 5 4
5 84 6
6 84 7
84 4 82
87 49 88
49 87 86
8 7 84
98 86 87
86 98 97
9 8 84
92 19 18
19 92 20
10 9 84
49 86 48
11 10 95
100 89 90
89 100 99
12 11 95
20 92 91
13 12 95
16 93 17
93 16 15
14 13 94
24 90 25
90 24 23
10 84 95
21 20 91
22 21 91
23 22 91
26 25 90
27 26 89
27 89 83
13 95 94
98 88 99
88 98 87
85 47 86
47 85 82
99 88 89
99 102 98
102 99 101
84 82 85
47 48 86
51 89 88
89 51 83
49 50 88
50 51 88
84 85 96
85 86 97
90 23 91
89 26 90
90 91 100
102 92 93
92 102 101
91 92 101
97 102 103
102 97 98
103 96 97
96 103 95
93 94 102
97 96 85
94 95 103
95 84 96
103 102 94
101 100 91
100 101 99
